2
3
31
32
53
66
70
78
79
80
83
90
99
104
119
131
132
134
138
139
140
156
160
161
164
165
178
181
211
213
217
219
221
283
284
290
294
304
305
313
318
321
323
356
378
382
388
457
513
515
530
538
539
554
556
557
558
563
569
603
624
625
632
636
653
686
687
695
699
701
715
716
718
719
721
723
724
726
823
824
832
834
835
837
843
844
845
846
847
848
850
870
918
919
929
930
931
935
938
943
944
947
948
953
959
961
966
970
1014
1039
1048
1101
1104
1211
1212
1215
1332
1386
1394
1400
1458
1472
1474
1483
1507
1516
1523
1525
1527
1537
1553
1594
1596
1625
1628
1629
1647
1651
1657
1660
1666
1672
1683
1686
1687
1829
1832
1846
1873
1879
1889
1890
1891
1893
1894
1895
1897
1898
1899
1901
1902
1904
1905
1906
1908
1909
1911
1912
1965
2012
2021
2071
2073
2074
2076
2092
2095
2096
2098
2103
2129
2142
2175
2209
2232
2234
2235
2250
2252
2254
2295
2299
2328
2352
2360
2374
2387
2390
2434
2435
2465
2468
2476
2528
2531
2535
2537
2540
2542
2574
2603
2718
2719
2737
2738
2743
2744
2804
2828
2832
2836
2839
2840
2843
2859
2867
2869
2905
2907
2915
2924
2940
2990
2991
3103
3153
3160
3164
3166
3169
3171
3172
3182
3184
3185
3197
3198
3204
3210
3245
3247
3248
3271
3331
3335
3339
3351
3406
3408
3409
3425
3426
3429
3438
3440
3441
3442
3445
3451
3459
3520
3525
3560
3567
3571
3572
3575
3581
3582
3606
3689
3717
3755
3777
3789
3814
3854
3855
3856
3862
3866
3869
3870
3874
3875
3876
3877
3881
3887
3888
3927
3929
3931
3932
3947
3971
3984
3986
3990
4006
4011
4012
4071
4098
4105
4205
4211
4212
4213
4220
4227
4234
4235
4249
4257
4259
4260
4267
4270
4271
4274
4276
4278
4279
4323
4342
4353
4364
4367
4368
4370
4397
4407
4410
4418
4422
4423
4427
4448
4459
4462
4465
4471
4475
4477
4481
4483
4485
4489
4491
4493
4498
4499
4520
4534
4617
4618
4625
4633
4647
4676
4677
4746
4752
4756
4810
4812
4815
4816
4817
4865
4901
4906
4981
4985
5013
5051
5053
5057
5058
5062
5066
5069
5082
5094
5095
5099
5111
5115
5116
5134
5142
5143
5296
5305
5309
5348
5356
5360
5395
5437
5438
5444
5449
5468
5484
5605
5607
5609
5612
5620
5625
5628
5641
5655
5676
5683
5684
5778
5801
5830
5831
5863
5868
5871
5929
5951
5954
5956
5975
5976
6001
6018
6043
6044
6059
6083
6084
6085
6095
6120
6220
6224
6225
6226
6342
6345
6347
6435
6450
6457
6459
6460
6481
6501
6534
6556
6571
6589
6593
6596
6656
6660
6663
6666
6667
6668
6669
6671
6678
6680
6681
6683
6686
6702
6708
6709
6742
6743
6744
6745
6747
6809
6867
6963
7046
7099
7101
7116
7117
7119
7160
7199
7200
7202
7206
7220
7234
7245
7270
7331
7335
7339
7347
7349
7351
7457
7467
7479
7481
7528
7530
7554
7574
7596
7601
7657
7659
7701
7732
7763
7766
7771
7773
7786
7788
7806
7832
7837
7843
7857
7906
7910
7912
7914
7917
7922
7923
7924
7926
7927
7928
7936
7942
7963
7989
8028
8029
8039
8054
8131
8139
8140
8141
8143
8144
8145
8147
8148
8149
8192
8239
8240
8245
8248
8249
8251
8253
8257
8258
8259
8262
8265
8268
8270
8274
8277
8285
8286
8292
8295
8296
8302
8304
8305
8307
8309
8314
8316
8317
8339
8343
8348
8367
8384
8385
8390
8473
8496
8545
8559
8576
8587
8602
8603
8606
8608
8610
8616
8620
8640
8645
8746
8763
8770
8771
8772
8802
8810
8813
8816
8817
8830
8833
8837
8840
8843
8845
8846
8853
8858
8889
8921
8922
8923
8924
8925
8930
8932
8946
8981
9015
9031
9042
9047
9068
9071
9073
9074
9124
9179
9183
9185
9186
9260
9263
9264
9294
9302
9305
9306
9307
9321
9333
9345
9346
9350
9352
9353
9356
9409
9482
9487
9493
9542
9548
9631
9633
9634
9645
9706
9717
9731
9733
9738
9838
9940
10036
10038
10040
10041
10042
10046
10048
10052
10121
10122
10124
10145
10218
10231
10257
10259
10260
10263
10267
10268
10314
10318
10322
10340
10359
10360
10364
10381
10385
10386
10403
10472
10475
10482
10504
10505
10522
10577
10580
10581
10583
10615
10617
10630
10643
10645
10652
10653
10655
10671
10735
10738
10760
10793
10794
10906
10909
10925
10929
10959
10961
10965
10966
10969
10970
10972
10975
10976
10978
10979
10980
10986
10987
10988
11011
11054
11062
11067
11070
11078
11092
11101
11106
11126
11128
11141
11143
11148
11190
11205
11218
11219
11224
11248
11251
11253
11254
11256
11265
11369
11416
11418
11419
11420
11421
11422
11426
11478
11479
11482
11488
11490
11508
11543
11550
