32
53
66
68
78
79
83
88
90
99
119
140
164
165
178
190
221
223
284
290
294
298
315
378
382
388
457
513
515
521
530
538
539
554
556
557
558
563
569
603
622
623
625
632
653
654
686
687
695
699
708
715
716
718
719
724
726
795
823
832
834
844
845
846
847
848
850
869
929
930
931
935
938
941
943
944
945
948
953
956
959
960
961
966
968
970
971
1014
1039
1048
1100
1101
1202
1203
1206
1211
1212
1215
1299
1456
1472
1483
1507
1516
1523
1537
1553
1594
1596
1600
1612
1625
1628
1629
1646
1647
1649
1650
1651
1657
1660
1663
1664
1666
1667
1683
1686
1688
1798
1829
1832
1833
1844
1848
1891
1965
1966
1994
2000
2012
2092
2103
2118
2129
2141
2142
2175
2234
2235
2236
2295
2301
2352
2355
2360
2373
2374
2377
2378
2387
2390
2432
2434
2476
2498
2528
2531
2537
2540
2541
2567
2574
2601
2603
2730
2738
2745
2780
2828
2829
2832
2836
2839
2840
2843
2859
2864
2867
2869
2924
2940
2990
2991
3153
3160
3164
3166
3169
3171
3172
3184
3185
3204
3329
3331
3335
3351
3408
3425
3427
3429
3445
3456
3459
3465
3523
3525
3560
3567
3571
3572
3573
3575
3581
3606
3608
3609
3645
3687
3716
3718
3750
3751
3755
3756
3777
3778
3814
3816
3823
3855
3856
3875
3877
3888
3889
3986
4036
4071
4094
4097
4098
4105
4188
4205
4212
4213
4220
4227
4234
4235
4249
4266
4267
4270
4275
4276
4323
4324
4339
4353
4369
4370
4371
4397
4398
4401
4407
4410
4423
4427
4438
4445
4446
4447
4448
4449
4450
4472
4520
4534
4544
4545
4617
4618
4630
4647
4673
4674
4675
4676
4677
4752
4765
4789
4810
4815
4816
4817
4841
4862
4865
4870
4875
4902
4965
4970
4977
4981
5066
5069
5083
5090
5094
5095
5103
5134
5137
5143
5145
5280
5294
5309
5345
5346
5348
5356
5360
5415
5438
5444
5468
5479
5482
5484
5607
5609
5612
5620
5625
5628
5635
5641
5655
5676
5731
5733
5862
5863
5941
5947
5951
5954
5956
5996
6005
6010
6043
6059
6060
6081
6083
6095
6224
6226
6230
6442
6450
6457
6459
6460
6481
6501
6534
6551
6556
6584
6589
6593
6596
6650
6652
6656
6666
6678
6680
6681
6683
6686
6688
6701
6705
6708
6709
6747
6807
6810
6865
6867
6870
7046
7099
7101
7146
7155
7157
7202
7206
7220
7234
7245
7270
7271
7272
7331
7335
7339
7349
7399
7400
7457
7467
7481
7528
7530
7554
7559
7574
7598
7599
7657
7660
7701
7763
7773
7786
7806
7832
7836
7837
7843
7852
7857
7906
7907
7908
7914
7916
7917
7918
7922
7924
7936
7942
7989
7990
7995
7996
8028
8029
8039
8119
8127
8131
8147
8239
8245
8253
8259
8262
8265
8268
8277
8285
8286
8309
8311
8367
8385
8395
8473
8496
8545
8559
8576
8587
8602
8603
8616
8764
8765
8802
8813
8817
8833
8840
8843
8845
8846
8853
8858
8981
9007
9031
9041
9047
9048
9056
9057
9065
9067
9068
9071
9074
9124
9126
9260
9263
9267
9294
9302
9304
9305
9306
9307
9308
9309
9312
9319
9404
9478
9482
9528
9542
9545
9548
9631
9633
9634
9645
9660
9662
9682
9706
9731
9733
9737
9738
9771
10037
10041
10121
10122
10124
10257
10259
10260
10262
10263
10264
10267
10268
10271
10275
10280
10314
10318
10322
10338
10342
10357
10359
10360
10362
10364
10372
10374
10376
10380
10384
10465
10475
10482
10504
10505
10614
10615
10616
10617
10630
10671
10675
10676
10680
10735
10760
10799
10826
10908
10912
10916
10925
10926
10959
10961
10965
10966
10969
10970
11134
11141
11148
11149
11150
11190
11205
11218
11220
11248
11251
11253
11254
11256
11265
11343
11369
11422
11426
11475
11478
11484
11489
11500
11543
